Training Data - 
Accuracy: 0.9394947141039235 
Precision: 0.9584539894281883 
Recall: 0.9665979697742056
F1-Score: 0.9625087529451685

Testing Data - 
Accuracy: 0.9395659640979156 
Precision: 0.9585097239420205
Recall: 0.9665240805102547 
F1-Score: 0.9625002194252813